24 175 198
24 175 198
24 175 198
69 152 198
159 166 175 198
69 152 198
159 166 175 198
69 152 198
159 166 175 198
69 152 198
159 166 175 198
118 152 198
19 189 198
118 152 198
19 189 198
118 152 198
19 189 198
118 152 198
19 189 198
118 152 198
19 189 198
118 152 198
19 189 198
118 152 198
19 189 198
10 175 198
18 72 198
10 175 198
18 72 198
10 175 198
18 72 198
10 175 198
18 72 198
10 175 198
18 72 198
10 175 198
18 72 198
11 175 198
11 175 198
11 175 198
30 167 198
86 193 198
30 167 198
86 193 198
32 117 198
106 111 198
32 117 198
106 111 198
32 117 198
106 111 198
32 117 198
106 111 198
32 117 198
106 111 198
86 142 198
86 142 198
86 142 198
86 142 198
86 155 198
55 82 198
86 155 198
55 82 198
86 155 198
55 82 198
86 155 198
55 82 198
86 155 198
55 82 198
86 155 198
55 82 198
86 155 198
55 82 198
79 86 198
79 86 198
79 86 198
11 49 198
123 141 198
11 49 198
123 141 198
11 49 198
123 141 198
11 49 198
123 141 198
11 49 198
123 141 198
11 49 198
123 141 198
11 49 198
123 141 198
11 49 198
123 141 198
98 193 198
46 76 86 198
98 193 198
46 76 86 198
98 193 198
46 76 86 198
98 193 198
46 76 86 198
98 193 198
46 76 86 198
12 86 198
12 86 198
12 86 198
12 86 198
12 86 198
8 90 198
25 55 198
11 55 198
8 90 198
25 55 198
11 55 198
8 90 198
25 55 198
11 55 198
8 90 198
25 55 198
11 55 198
64 142 198
64 142 198
64 142 198
64 142 198
64 142 198
86 107 198
25 43 198
11 80 198
86 107 198
25 43 198
11 80 198
86 107 198
25 43 198
11 80 198
47 94 198
147 186 198
47 94 198
147 186 198
47 94 198
147 186 198
12 86 198
6 124 198
12 86 198
6 124 198
12 86 198
6 124 198
12 86 198
6 124 198
12 86 198
6 124 198
12 86 198
6 124 198
12 86 198
6 124 198
12 86 198
6 124 198
12 86 198
6 124 198
61 175 193 198
11 175 193 198
61 175 193 198
11 175 193 198
8 12 198
25 55 198
8 12 198
25 55 198
8 12 198
25 55 198
8 12 198
25 55 198
8 12 198
25 55 198
55 106 198
55 106 198
55 106 198
55 106 198
129 183 198
129 183 198
129 183 198
129 183 198
129 183 198
129 183 198
10 175 198
10 175 198
10 175 198
10 175 198
51 89 198
41 62 198
20 153 198
65 176 198
18 105 198
67 89 198
135 142 181 198
26 125 198
35 75 155 198
2 21 198
5 90 198
108 158 198
51 89 198
41 62 198
20 153 198
65 176 198
18 105 198
67 89 198
135 142 181 198
26 125 198
35 75 155 198
2 21 198
5 90 198
108 158 198
51 89 198
41 62 198
20 153 198
65 176 198
18 105 198
67 89 198
135 142 181 198
26 125 198
35 75 155 198
2 21 198
5 90 198
108 158 198
51 89 198
41 62 198
20 153 198
65 176 198
18 105 198
67 89 198
135 142 181 198
26 125 198
35 75 155 198
2 21 198
5 90 198
108 158 198
51 89 198
41 62 198
20 153 198
65 176 198
18 105 198
67 89 198
135 142 181 198
26 125 198
35 75 155 198
2 21 198
5 90 198
108 158 198
51 89 198
41 62 198
20 153 198
65 176 198
18 105 198
67 89 198
135 142 181 198
26 125 198
35 75 155 198
2 21 198
5 90 198
108 158 198
51 89 198
41 62 198
20 153 198
65 176 198
18 105 198
67 89 198
135 142 181 198
26 125 198
35 75 155 198
2 21 198
5 90 198
108 158 198
51 89 198
41 62 198
20 153 198
65 176 198
18 105 198
67 89 198
135 142 181 198
26 125 198
35 75 155 198
2 21 198
5 90 198
108 158 198
51 89 198
41 62 198
20 153 198
65 176 198
18 105 198
67 89 198
135 142 181 198
26 125 198
35 75 155 198
2 21 198
5 90 198
108 158 198
51 89 198
41 62 198
20 153 198
65 176 198
18 105 198
67 89 198
135 142 181 198
26 125 198
35 75 155 198
2 21 198
5 90 198
108 158 198
51 89 198
41 62 198
20 153 198
65 176 198
18 105 198
67 89 198
135 142 181 198
26 125 198
35 75 155 198
2 21 198
5 90 198
108 158 198
51 89 198
41 62 198
20 153 198
65 176 198
18 105 198
67 89 198
135 142 181 198
26 125 198
35 75 155 198
2 21 198
5 90 198
108 158 198
51 89 198
41 62 198
20 153 198
65 176 198
18 105 198
67 89 198
135 142 181 198
26 125 198
35 75 155 198
2 21 198
5 90 198
108 158 198
51 89 198
41 62 198
20 153 198
65 176 198
18 105 198
67 89 198
135 142 181 198
26 125 198
35 75 155 198
2 21 198
5 90 198
108 158 198
51 89 198
41 62 198
20 153 198
65 176 198
18 105 198
67 89 198
135 142 181 198
26 125 198
35 75 155 198
2 21 198
5 90 198
108 158 198
51 89 198
41 62 198
20 153 198
65 176 198
18 105 198
67 89 198
135 142 181 198
26 125 198
35 75 155 198
2 21 198
5 90 198
108 158 198
51 89 198
41 62 198
20 153 198
65 176 198
18 105 198
67 89 198
135 142 181 198
26 125 198
35 75 155 198
2 21 198
5 90 198
108 158 198
51 89 198
41 62 198
20 153 198
65 176 198
18 105 198
67 89 198
135 142 181 198
26 125 198
35 75 155 198
2 21 198
5 90 198
108 158 198
51 89 198
41 62 198
20 153 198
65 176 198
18 105 198
67 89 198
135 142 181 198
26 125 198
35 75 155 198
2 21 198
5 90 198
108 158 198
51 89 198
41 62 198
20 153 198
65 176 198
18 105 198
67 89 198
135 142 181 198
26 125 198
35 75 155 198
2 21 198
5 90 198
108 158 198
51 89 198
41 62 198
20 153 198
65 176 198
18 105 198
67 89 198
135 142 181 198
26 125 198
35 75 155 198
2 21 198
5 90 198
108 158 198
51 89 198
41 62 198
20 153 198
65 176 198
18 105 198
67 89 198
135 142 181 198
26 125 198
35 75 155 198
2 21 198
5 90 198
108 158 198
51 89 198
41 62 198
20 153 198
65 176 198
18 105 198
67 89 198
135 142 181 198
26 125 198
35 75 155 198
2 21 198
5 90 198
108 158 198
51 89 198
41 62 198
20 153 198
65 176 198
18 105 198
67 89 198
135 142 181 198
26 125 198
35 75 155 198
2 21 198
5 90 198
108 158 198
51 89 198
41 62 198
20 153 198
65 176 198
18 105 198
67 89 198
135 142 181 198
26 125 198
35 75 155 198
2 21 198
5 90 198
108 158 198
51 89 198
41 62 198
20 153 198
65 176 198
18 105 198
67 89 198
135 142 181 198
26 125 198
35 75 155 198
2 21 198
5 90 198
108 158 198
51 89 198
41 62 198
20 153 198
65 176 198
18 105 198
67 89 198
135 142 181 198
26 125 198
35 75 155 198
2 21 198
5 90 198
108 158 198
51 89 198
41 62 198
20 153 198
65 176 198
18 105 198
67 89 198
135 142 181 198
26 125 198
35 75 155 198
2 21 198
5 90 198
108 158 198
51 89 198
41 62 198
20 153 198
65 176 198
18 105 198
67 89 198
135 142 181 198
26 125 198
35 75 155 198
2 21 198
5 90 198
108 158 198
51 89 198
41 62 198
20 153 198
65 176 198
18 105 198
67 89 198
135 142 181 198
26 125 198
35 75 155 198
2 21 198
5 90 198
108 158 198
51 89 198
41 62 198
20 153 198
65 176 198
18 105 198
67 89 198
135 142 181 198
26 125 198
35 75 155 198
2 21 198
5 90 198
108 158 198
51 89 198
41 62 198
20 153 198
65 176 198
18 105 198
67 89 198
135 142 181 198
26 125 198
35 75 155 198
2 21 198
5 90 198
108 158 198
51 89 198
41 62 198
20 153 198
65 176 198
18 105 198
67 89 198
135 142 181 198
26 125 198
35 75 155 198
2 21 198
5 90 198
108 158 198
86 175 198
86 175 198
58 122 198
58 122 198
58 122 198
58 122 198
44 99 198
52 130 198
130 191 198
44 99 198
52 130 198
130 191 198
44 99 198
52 130 198
130 191 198
44 99 198
52 130 198
130 191 198
44 99 198
52 130 198
130 191 198
8 55 198
8 55 198
8 55 198
86 115 198
86 115 198
86 115 198
11 49 198
11 49 198
11 49 198
86 107 198
81 190 198
42 145 198
70 134 198
23 186 198
34 177 198
86 107 198
81 190 198
42 145 198
70 134 198
23 186 198
34 177 198
86 107 198
81 190 198
42 145 198
70 134 198
23 186 198
34 177 198
86 107 198
81 190 198
42 145 198
70 134 198
23 186 198
34 177 198
86 107 198
81 190 198
42 145 198
70 134 198
23 186 198
34 177 198
86 107 198
81 190 198
42 145 198
70 134 198
23 186 198
34 177 198
86 107 198
81 190 198
42 145 198
70 134 198
23 186 198
34 177 198
86 107 198
81 190 198
42 145 198
70 134 198
23 186 198
34 177 198
27 56 198
29 123 198
36 59 198
27 56 198
29 123 198
36 59 198
11 55 198
8 101 198
11 55 198
8 101 198
11 55 198
8 101 198
11 55 198
8 101 198
11 55 198
8 101 198
33 137 198
98 149 198
11 12 43 198
33 137 198
98 149 198
11 12 43 198
33 137 198
98 149 198
11 12 43 198
33 137 198
98 149 198
11 12 43 198
33 137 198
98 149 198
11 12 43 198
123 165 198
123 165 198
123 165 198
123 165 198
123 165 198
48 127 155 198
48 127 155 198
48 127 155 198
48 127 155 198
86 161 198
24 182 198
99 173 193 198
136 143 198
153 180 198
5 175 198
5 22 198
46 86 198
86 161 198
24 182 198
99 173 193 198
136 143 198
153 180 198
5 175 198
5 22 198
46 86 198
86 161 198
24 182 198
99 173 193 198
136 143 198
153 180 198
5 175 198
5 22 198
46 86 198
86 161 198
24 182 198
99 173 193 198
136 143 198
153 180 198
5 175 198
5 22 198
46 86 198
86 161 198
24 182 198
99 173 193 198
136 143 198
153 180 198
5 175 198
5 22 198
46 86 198
86 161 198
24 182 198
99 173 193 198
136 143 198
153 180 198
5 175 198
5 22 198
46 86 198
86 161 198
24 182 198
99 173 193 198
136 143 198
153 180 198
5 175 198
5 22 198
46 86 198
86 161 198
24 182 198
99 173 193 198
136 143 198
153 180 198
5 175 198
5 22 198
46 86 198
86 161 198
24 182 198
99 173 193 198
136 143 198
153 180 198
5 175 198
5 22 198
46 86 198
86 161 198
24 182 198
99 173 193 198
136 143 198
153 180 198
5 175 198
5 22 198
46 86 198
86 161 198
24 182 198
99 173 193 198
136 143 198
153 180 198
5 175 198
5 22 198
46 86 198
86 161 198
24 182 198
99 173 193 198
136 143 198
153 180 198
5 175 198
5 22 198
46 86 198
86 161 198
24 182 198
99 173 193 198
136 143 198
153 180 198
5 175 198
5 22 198
46 86 198
86 161 198
24 182 198
99 173 193 198
136 143 198
153 180 198
5 175 198
5 22 198
46 86 198
86 161 198
24 182 198
99 173 193 198
136 143 198
153 180 198
5 175 198
5 22 198
46 86 198
86 161 198
24 182 198
99 173 193 198
136 143 198
153 180 198
5 175 198
5 22 198
46 86 198
86 161 198
24 182 198
99 173 193 198
136 143 198
153 180 198
5 175 198
5 22 198
46 86 198
86 161 198
24 182 198
99 173 193 198
136 143 198
153 180 198
5 175 198
5 22 198
46 86 198
86 161 198
24 182 198
99 173 193 198
136 143 198
153 180 198
5 175 198
5 22 198
46 86 198
100 131 198
8 101 198
100 131 198
8 101 198
100 131 198
8 101 198
100 131 198
8 101 198
11 55 198
12 86 198
11 55 198
24 55 198
11 55 198
12 86 198
11 55 198
24 55 198
11 55 198
12 86 198
11 55 198
24 55 198
11 55 198
12 86 198
11 55 198
24 55 198
86 142 198
57 150 198
175 179 198
53 155 198
85 162 175 198
86 142 198
57 150 198
175 179 198
53 155 198
85 162 175 198
86 142 198
57 150 198
175 179 198
53 155 198
85 162 175 198
86 142 198
57 150 198
175 179 198
53 155 198
85 162 175 198
10 55 198
133 162 198
73 78 198
16 178 198
17 119 198
153 175 198
20 153 198
40 192 198
29 139 198
10 55 198
133 162 198
73 78 198
16 178 198
17 119 198
153 175 198
20 153 198
40 192 198
29 139 198
10 55 198
133 162 198
73 78 198
16 178 198
17 119 198
153 175 198
20 153 198
40 192 198
29 139 198
10 55 198
133 162 198
73 78 198
16 178 198
17 119 198
153 175 198
20 153 198
40 192 198
29 139 198
10 55 198
133 162 198
73 78 198
16 178 198
17 119 198
153 175 198
20 153 198
40 192 198
29 139 198
10 55 198
133 162 198
73 78 198
16 178 198
17 119 198
153 175 198
20 153 198
40 192 198
29 139 198
10 55 198
133 162 198
73 78 198
16 178 198
17 119 198
153 175 198
20 153 198
40 192 198
29 139 198
10 55 198
133 162 198
73 78 198
16 178 198
17 119 198
153 175 198
20 153 198
40 192 198
29 139 198
39 88 198
60 86 198
39 88 198
60 86 198
39 88 198
60 86 198
39 88 198
60 86 198
112 187 198
4 189 198
112 187 198
4 189 198
112 187 198
4 189 198
112 187 198
4 189 198
112 187 198
4 189 198
112 187 198
4 189 198
112 187 198
4 189 198
107 133 198
55 133 198
107 133 198
55 133 198
24 55 198
24 55 198
24 55 198
45 103 198
25 55 198
52 175 198
24 175 198
37 66 198
45 103 198
25 55 198
52 175 198
24 175 198
37 66 198
45 103 198
25 55 198
52 175 198
24 175 198
37 66 198
45 103 198
25 55 198
52 175 198
24 175 198
37 66 198
45 103 198
25 55 198
52 175 198
24 175 198
37 66 198
45 103 198
25 55 198
52 175 198
24 175 198
37 66 198
45 103 198
25 55 198
52 175 198
24 175 198
37 66 198
45 103 198
25 55 198
52 175 198
24 175 198
37 66 198
45 103 198
25 55 198
52 175 198
24 175 198
37 66 198
45 103 198
25 55 198
52 175 198
24 175 198
37 66 198
55 86 198
3 11 198
55 86 198
3 11 198
55 86 198
3 11 198
55 86 198
3 11 198
11 110 198
11 110 198
11 110 198
86 115 198
27 77 198
86 115 198
27 77 198
86 115 198
27 77 198
86 107 198
31 161 198
86 107 198
31 161 198
86 107 198
31 161 198
86 107 198
31 161 198
86 107 198
31 161 198
86 107 198
31 161 198
86 107 198
31 161 198
11 175 198
12 86 198
71 140 198
11 175 198
12 86 198
71 140 198
11 12 175 198
83 175 198
11 12 175 198
83 175 198
11 12 175 198
83 175 198
86 115 198
120 123 198
14 49 198
86 115 198
120 123 198
14 49 198
86 115 198
120 123 198
14 49 198
86 115 198
120 123 198
14 49 198
86 142 198
86 142 198
86 142 198
86 142 198
86 89 198
86 89 198
11 55 198
55 86 198
11 95 198
11 55 198
55 86 198
11 95 198
11 55 198
55 86 198
11 95 198
11 55 198
55 86 198
11 95 198
11 55 198
55 86 198
11 95 198
10 175 198
10 55 198
10 175 198
10 55 198
10 175 198
10 55 198
10 175 198
10 55 198
10 175 198
10 55 198
1 98 198
12 59 86 198
1 98 198
12 59 86 198
1 98 198
12 59 86 198
1 98 198
12 59 86 198
1 98 198
12 59 86 198
1 98 198
12 59 86 198
1 98 198
12 59 86 198
1 98 198
12 59 86 198
55 86 198
91 179 198
55 86 198
91 179 198
86 152 198
8 91 101 198
86 152 198
8 91 101 198
86 152 198
8 91 101 198
86 152 198
8 91 101 198
98 192 198
53 155 198
11 55 198
98 192 198
53 155 198
11 55 198
98 192 198
53 155 198
11 55 198
98 192 198
53 155 198
11 55 198
98 192 198
53 155 198
11 55 198
98 192 198
53 155 198
11 55 198
78 168 198
48 127 198
78 168 198
127 186 198
163 169 189 198
23 78 180 198
63 107 189 198
78 168 198
48 127 198
78 168 198
127 186 198
163 169 189 198
23 78 180 198
63 107 189 198
78 168 198
48 127 198
78 168 198
127 186 198
163 169 189 198
23 78 180 198
63 107 189 198
78 168 198
48 127 198
78 168 198
127 186 198
163 169 189 198
23 78 180 198
63 107 189 198
78 168 198
48 127 198
78 168 198
127 186 198
163 169 189 198
23 78 180 198
63 107 189 198
78 168 198
48 127 198
78 168 198
127 186 198
163 169 189 198
23 78 180 198
63 107 189 198
78 168 198
48 127 198
78 168 198
127 186 198
163 169 189 198
23 78 180 198
63 107 189 198
78 168 198
48 127 198
78 168 198
127 186 198
163 169 189 198
23 78 180 198
63 107 189 198
78 168 198
48 127 198
78 168 198
127 186 198
163 169 189 198
23 78 180 198
63 107 189 198
78 168 198
48 127 198
78 168 198
127 186 198
163 169 189 198
23 78 180 198
63 107 189 198
78 168 198
48 127 198
78 168 198
127 186 198
163 169 189 198
23 78 180 198
63 107 189 198
78 168 198
48 127 198
78 168 198
127 186 198
163 169 189 198
23 78 180 198
63 107 189 198
86 189 198
86 189 198
86 189 198
86 189 198
86 189 198
86 189 198
86 189 198
86 189 198
12 52 184 198
12 52 184 198
12 52 184 198
87 132 198
98 175 198
86 193 198
87 132 198
98 175 198
86 193 198
87 132 198
98 175 198
86 193 198
83 96 198
83 96 198
83 96 198
83 96 198
8 101 198
8 101 198
8 101 198
8 101 198
92 175 198
25 55 198
27 97 198
92 175 198
25 55 198
27 97 198
92 175 198
25 55 198
27 97 198
86 116 198
86 116 198
86 116 198
133 170 198
133 170 198
133 170 198
13 51 198
37 84 198
13 51 198
37 84 198
13 51 198
37 84 198
28 162 198
52 144 198
28 162 198
52 144 198
28 162 198
52 144 198
46 52 91 198
46 52 91 198
46 52 91 198
46 52 91 198
55 86 198
37 55 198
55 86 198
37 55 198
55 86 198
37 55 198
55 86 198
37 55 198
55 86 198
37 55 198
55 86 198
37 55 198
28 162 198
86 193 198
28 162 198
86 193 198
28 162 198
86 193 198
28 162 198
86 193 198
28 162 198
86 193 198
28 162 198
86 193 198
86 175 198
86 113 154 198
86 175 198
86 113 154 198
86 175 198
86 113 154 198
86 175 198
86 113 154 198
86 175 198
86 113 154 198
20 153 198
38 174 198
109 175 198
20 153 198
38 174 198
109 175 198
20 153 198
38 174 198
109 175 198
20 153 198
38 174 198
109 175 198
20 153 198
38 174 198
109 175 198
20 153 198
38 174 198
109 175 198
55 92 198
55 92 198
55 92 198
55 92 198
55 92 198
55 86 198
55 86 198
52 160 198
52 160 198
52 160 198
52 160 198
94 156 198
68 104 198
102 126 198
50 146 198
15 86 198
54 164 198
9 93 172 198
128 188 198
151 172 198
7 148 198
25 74 198
121 171 198
94 156 198
68 104 198
102 126 198
50 146 198
15 86 198
54 164 198
9 93 172 198
128 188 198
151 172 198
7 148 198
25 74 198
121 171 198
94 156 198
68 104 198
102 126 198
50 146 198
15 86 198
54 164 198
9 93 172 198
128 188 198
151 172 198
7 148 198
25 74 198
121 171 198
94 156 198
68 104 198
102 126 198
50 146 198
15 86 198
54 164 198
9 93 172 198
128 188 198
151 172 198
7 148 198
25 74 198
121 171 198
94 156 198
68 104 198
102 126 198
50 146 198
15 86 198
54 164 198
9 93 172 198
128 188 198
151 172 198
7 148 198
25 74 198
121 171 198
94 156 198
68 104 198
102 126 198
50 146 198
15 86 198
54 164 198
9 93 172 198
128 188 198
151 172 198
7 148 198
25 74 198
121 171 198
94 156 198
68 104 198
102 126 198
50 146 198
15 86 198
54 164 198
9 93 172 198
128 188 198
151 172 198
7 148 198
25 74 198
121 171 198
94 156 198
68 104 198
102 126 198
50 146 198
15 86 198
54 164 198
9 93 172 198
128 188 198
151 172 198
7 148 198
25 74 198
121 171 198
94 156 198
68 104 198
102 126 198
50 146 198
15 86 198
54 164 198
9 93 172 198
128 188 198
151 172 198
7 148 198
25 74 198
121 171 198
94 156 198
68 104 198
102 126 198
50 146 198
15 86 198
54 164 198
9 93 172 198
128 188 198
151 172 198
7 148 198
25 74 198
121 171 198
57 185 198
86 157 189 198
133 170 198
86 157 170 198
57 185 198
86 157 189 198
133 170 198
86 157 170 198
57 185 198
86 157 189 198
133 170 198
86 157 170 198
167 175 198
114 175 198
167 175 198
114 175 198
167 175 198
114 175 198
167 175 198
114 175 198
138 155 198
138 155 198
138 155 198
138 155 198
138 155 198